Tree
200 400
0 300

50 85
200 350
AngryBird
0 400
0 200

0 200
200 400

Bumblebee
0 400
0 200

0 200
200 400

Butterfly
200 400
0 200

0 300
200 400

Clown
0 400
0 200

0 300
200 400

Fish
200 400
0 200

0 300
200 400

Flag
0 400
0 250

0 300
200 400

HotDog
30 200
0 300

0 300
200 400

Leaf
0 400
0 300

0 300
200 400

MonaLisa
0 400
200 400

75 400
0 400

Monkey
0 200
0 300

200 400
0 300

Penguin
100 400
0 300

0 350
200 400

Pikachu
0 400
0 290

0 200
200 400

Pizza
0 400
0 250

0 200
200 400

Plankton
0 400
0 350

0 350
100 250

Dog
0 300
0 250

0 350
200 300

Rainbow
0 350
0 200

0 350
200 300

Snowman
0 200
100 375

0 350
50 200

Nerd
0 400
0 300

0 350
200 400

Surgeon
0 400
200 400

0 375
100 400